12
Hippopotamus_amphibius_RHO 0.0000000 0.1916363 0.1966406 0.1882614 0.2261482 0.2040334 0.1709069 0.1652595 0.2037286 0.2003126 0.1946958 0.1836583 
Phocoena_phocoena_RHO      0.1916363 0.0000000 0.0294217 0.0295500 0.0948837 0.0668009 0.0571589 0.0576045 0.0969734 0.0769022 0.0752017 0.0733385 
Delphinapterus_leucas_RHO  0.1966406 0.0294217 0.0000000 0.0536285 0.0946069 0.0882745 0.0753783 0.0696300 0.1162450 0.0956038 0.0871082 0.0853772 
Tursiops_truncatus_RHO     0.1882614 0.0295500 0.0536285 0.0000000 0.1142525 0.0729614 0.0632707 0.0700892 0.0932683 0.0767923 0.0750187 0.0732115 
Inia_geoffrensis_RHO       0.2261482 0.0948837 0.0946069 0.1142525 0.0000000 0.1133234 0.1097170 0.1006269 0.1391227 0.1388428 0.1312358 0.1136614 
Ziphius_cavirostris_RHO    0.2040334 0.0668009 0.0882745 0.0729614 0.1133234 0.0000000 0.0753717 0.0822414 0.1062164 0.1030996 0.0871050 0.0993110 
Platanista_minor_RHO       0.1709069 0.0571589 0.0753783 0.0632707 0.1097170 0.0753717 0.0000000 0.0475311 0.0961396 0.0727225 0.0649497 0.0692042 
Physeter_macrocephalus_RHO 0.1652595 0.0576045 0.0696300 0.0700892 0.1006269 0.0822414 0.0475311 0.0000000 0.0579245 0.0797245 0.0715885 0.0761131 
Kogia_sima_RHO             0.2037286 0.0969734 0.1162450 0.0932683 0.1391227 0.1062164 0.0961396 0.0579245 0.0000000 0.1166896 0.1044023 0.0965571 
Balaenoptera_musculus_RHO  0.2003126 0.0769022 0.0956038 0.0767923 0.1388428 0.1030996 0.0727225 0.0797245 0.1166896 0.0000000 0.0564516 0.0539921 
Caperea_marginata_RHO      0.1946958 0.0752017 0.0871082 0.0750187 0.1312358 0.0871050 0.0649497 0.0715885 0.1044023 0.0564516 0.0000000 0.0560120 
Balaena_mysticetus_RHO     0.1836583 0.0733385 0.0853772 0.0732115 0.1136614 0.0993110 0.0692042 0.0761131 0.0965571 0.0539921 0.0560120 0.0000000 
